rank,uri,artist_names,track_name,source,peak_rank,previous_rank,days_on_chart,streams
1,"spotify:track:5ww2BF9slyYgNOk37BlC4u","Manuel Turizo","La Bachata","Sony Music Latin/La Industria",1,1,202,"454876"
2,"spotify:track:0NO2zL0kw8sGGnaMvHKAZF","Cris Mj, Duki, Nicki Nicole, Standly, Stars Music Chile","Marisola - Remix","Virgin Music Chile",2,2,13,"391458"
3,"spotify:track:4qXWX3OmEKp0YCnnxJqTMO","La Joaqui, Salastkbron, Gusty dj","Dos Besitos","DALE PLAY Records / GOAT Records",2,3,59,"346886"
4,"spotify:track:0oBtwScT4B4BR5kZitNWd5","Quevedo","PUNTO G","Quevedo",3,4,55,"345726"
5,"spotify:track:2tTmW7RDtMQtBk7m2rYeSw","Bizarrap, Quevedo","Quevedo: Bzrp Music Sessions, Vol. 52","DALE PLAY Records",1,5,176,"340314"
6,"spotify:track:0W3TCDzYM7xFrZSaXnQvs4","YSY A, SPONSOR DIOS, Evlay","CÓMO CHILLA ELLA","SPONSOR DIOS",1,6,48,"324194"
7,"spotify:track:2x8oBuYaObjqHqgGuIUZ0b","WOS","ARRANCÁRMELO","DOGUITO Records / DALE PLAY Records",1,7,266,"316330"
8,"spotify:track:45dlaEXrXW47TVbrQ4gK7E","Rei, Callejero Fino","Tu Turrito","DALE PLAY Records",2,8,237,"312470"
9,"spotify:track:1zsPaEkglFvxjAhrM8yhpr","Ozuna, Feid","Hey Mor","Aura Music Corp.",7,9,76,"284471"
10,"spotify:track:6jRZ33ifS5VOTMwmPxhPhN","Luck Ra, La K'onga, Ke Personajes","Ya No Vuelvas (Versión Cuarteto)","Sony Music Entertainment Chile S.A",7,11,27,"282330"
11,"spotify:track:60DHrnRAhNJMy4WeEf23NH","La Joaqui, Alan Gomez, EL NOBA","Butakera","DALE PLAY Records / GOAT Records",4,10,140,"279454"
12,"spotify:track:3fUZbg31mIJKIxuv8nUcGg","DJ Tao, Callejero Fino","CALLEJERO FINO | DJ TAO Turreo Sessions #723","WM Chile",4,12,69,"269160"
13,"spotify:track:53tfEupEzQRtVFOeZvk7xq","ROSALÍA","DESPECHÁ","Columbia",3,13,154,"264518"
14,"spotify:track:7iwJOi3hlMqZt6pj1sQOBj","Quevedo","VISTA AL MAR","Quevedo",9,14,111,"256532"
15,"spotify:track:3N6rAKpPraBOZqn9RhSrz0","DJ Alex, La Joaqui","DJ ALEX, LA JOAQUI - TU AMOR | E7","DJ ALEX bajo licencia a DALE PLAY",9,15,98,"243861"
16,"spotify:track:6OzUIp8KjuwxJnCWkXp1uL","Wisin & Yandel, ROSALÍA","Besos Moja2","Sony Music Latin",7,16,90,"237674"
17,"spotify:track:5rGorQ0R06XveTJXMd3QRi","Rusherking, Dread Mar I","Perfecta","Rusherking",4,17,90,"234728"
18,"spotify:track:4J1vAbtAhMdsdpO1sKU3EO","La T y La M","Pa' la Selección","GraceMusic",18,18,15,"232524"
19,"spotify:track:2GVahxIzxivfRZc8lR39Ms","Rei, Quevedo","FERNET","DALE PLAY Records",7,19,210,"223688"
20,"spotify:track:7kYbxvrGXv8cmKjkqgqhrw","TINI","La Triple T","Sony Music Latin",1,20,238,"222342"
21,"spotify:track:6Sq7ltF9Qa7SNFBsV5Cogx","Bad Bunny, Chencho Corleone","Me Porto Bonito","Rimas Entertainment LLC",1,21,237,"219243"
22,"spotify:track:3k3NWokhRRkEPhCzPmV8TW","Bad Bunny, Bomba Estéreo","Ojitos Lindos","Rimas Entertainment LLC",1,22,237,"200443"
23,"spotify:track:3fjN3y5x4hN53rykAN2LHQ","Rels B","cómo dormiste?","DALE PLAY Records / Flakk Team",2,23,147,"197876"
24,"spotify:track:6G12ZafqofSq7YtrMqUm76","Shakira, Ozuna","Monotonía","Sony Music Latin",7,25,70,"189878"
25,"spotify:track:0Dl34Kegtc0y0m0oPhQfiI","Maria Becerra","LA NENA DE ARGENTINA","300 Entertainment",18,26,20,"189081"
26,"spotify:track:5w8dx6u3KGawHWZAJoqyKM","YSY A, SPONSOR DIOS, ONIRIA","A POR TODO","SPONSOR DIOS",3,24,48,"188801"
27,"spotify:track:0poQY3RMThmIiutOGv3yH3","Maria Becerra","AUTOMÁTICO","300 Entertainment",3,27,111,"185554"
28,"spotify:track:3eUtQSdde3wNmXOW2OESKi","El Polaco, La China","Ya No Quiero Verte","Columbia",22,29,61,"178923"
29,"spotify:track:2mnXxnrX5vCGolNkaFvVeM","Arcángel, Bad Bunny","La Jumpa","Rimas Entertainment LLC.",28,31,28,"174696"
30,"spotify:track:7MkylDYvKTSuWgrsBhHlsG","Bizarrap, Duki","Duki: Bzrp Music Sessions, Vol. 50","DALE PLAY Records",1,28,43,"174270"
31,"spotify:track:12BLBKATlbWXPhuSNL8eAr","Alan Gomez, Callejero Fino","CALLEJERO FINO | Mission 10","WM Chile",6,30,118,"172385"
32,"spotify:track:2bbwjxA68m9PHZFWgF1fze","Duki","GIVENCHY","DALE PLAY Records / SSJ Records",2,33,161,"160447"
33,"spotify:track:79d6fVzRM6DRYxR302AJFY","La Mosca","Muchachos, Ahora Nos Volvimos a Ilusionar","Sony Music Argentina",1,32,30,"153715"
34,"spotify:track:6LBpjWMfy1NUfyxAJbcMRs","La K'onga, Nahuel Pennisi","Universo Paralelo","Leader Music",2,34,413,"152003"
35,"spotify:track:6i1g5ZRmJZAkDwBaUZ3f2i","Luar La L","Caile","Rimas Entertainment LLC.",6,37,145,"138536"
36,"spotify:track:5Eax0qFko2dh7Rl2lYs3bx","Bad Bunny","Efecto","Rimas Entertainment LLC",8,39,237,"137468"
37,"spotify:track:1IHWl5LamUGEuP4ozKQSXZ","Bad Bunny","Tití Me Preguntó","Rimas Entertainment LLC",3,36,237,"137449"
38,"spotify:track:3EcCc1U405tm8yKm1x6Y8W","La K'onga","Te Mentiría","Leader Music",8,35,587,"137201"
39,"spotify:track:2AAiUwUnxOY0sZYRLGkW9H","YSY A, SPONSOR DIOS, ONIRIA, Lisan Beat","CUÁNTO VALE HACER EL AMOR?","SPONSOR DIOS",4,38,48,"133905"
40,"spotify:track:1fKFxmSByZfjwVSbq0PHye","Ke Personajes","Si No Te Tengo / Ángel / Aquello Que Pasó","Ke Personajes",24,40,476,"133202"
41,"spotify:track:54ELExv56KCAB4UP9cOCzC","Ñengo Flow, Bad Bunny","Gato de Noche","Rimas Entertainment LLC",41,43,6,"127088"
42,"spotify:track:0cOa970mzTWAxKtltpkpLc","TINI, Maria Becerra","Miénteme","Sony Music Latin",1,41,609,"125798"
43,"spotify:track:2X8AGLwb9F0JzJ9zT27a22","Manuel Turizo, Maria Becerra","Éxtasis","Sony Music Latin/La Industria",36,44,62,"123415"
44,"spotify:track:6nYyGlTP5L2R6SEd1xG8Xs","El negro tecla","Rompe","Warner Music Group - X5 Music Group",41,42,125,"121803"
45,"spotify:track:58cEG7FsVoipRiRKUMgOjo","Rauw Alejandro, Baby Rasta","PUNTO 40","Sony Music Latin/Duars Entertainment",31,47,85,"120475"
46,"spotify:track:1IT2VUL1Nx6Y3AdCfm0wcO","Rei","Pechito Partido","DALE PLAY Records",26,48,126,"119668"
47,"spotify:track:2zUsObw2UB1AJv0CB3oYl8","YSY A, SPONSOR DIOS, BAXIAN","CUÁNTOS TÉRMINOS?","SPONSOR DIOS",4,45,48,"119393"
48,"spotify:track:2rurDawMfoKP4uHyb2kJBt","Shakira, Rauw Alejandro","Te Felicito","Sony Music Latin",2,46,251,"118037"
49,"spotify:track:6ELw0p5THiGQxrJnQnmwCq","La Joaqui, Omar Varela","Mañosa","DALE PLAY Records / GOAT Records",39,49,37,"113788"
50,"spotify:track:3UytZp1xDkNkROyIwE7DbY","Trueno, Tiago PZK","Hood - Remix","5020 Records",16,51,83,"108862"
51,"spotify:track:7onMf0QvWgRba2MRxG27yj","La K'onga","El Mismo Aire","Leader Music",5,50,747,"108677"
52,"spotify:track:31i56LZnwE6uSu3exoHjtB","Bad Bunny","Neverita","Rimas Entertainment LLC",22,52,237,"104408"
53,"spotify:track:2IzV2SPZQLadtA46ni3ICq","Zion & Lennox, Maria Becerra","Berlin","WEA Latina",11,53,181,"103820"
54,"spotify:track:2LgxW2t2H6lAf7tJuOnxxj","Duki","Antes de Perderte","DALE PLAY Records / SSJ Records",6,54,209,"102061"
55,"spotify:track:33cF8aTmGJ6TsEf23uqGIN","Rauw Alejandro, Lyanno, Brray","LOKERA","Sony Music Latin/Duars Entertainment",51,56,153,"99956"
56,"spotify:track:6Xom58OOXk2SoU711L2IXO","Bad Bunny","Moscow Mule","Rimas Entertainment LLC",1,58,237,"99251"
57,"spotify:track:2pR6bipXfJySBhje19SW02","Stars Music Chile, Cris Mj, Standly","Marisola","Virgin Music Chile",10,55,135,"99119"
58,"spotify:track:1eIDsKCLwZF6CJK8pOgHX5","BM, Phontana","M.A (Mejores Amigos)","Wesaisons Records",57,63,51,"98415"
59,"spotify:track:1gYtMKmICjH8KQG3MheNJt","TINI, Tiago PZK","El Último Beso","5020 Records",8,59,104,"97910"
60,"spotify:track:2ALRaYszX1wDifP6HrcdqS","Gusty dj, ECKO","Gusty DJ | Ecko - Session en el Barrio #7","GUSTY DJ",55,60,11,"97628"
61,"spotify:track:1DFDbSWdESvzWHHAe6BCQ3","La Delio Valdez","Inocente","Delirio Valdez",29,57,661,"97013"
62,"spotify:track:7dSZ6zGTQx66c2GF91xCrb","KAROL G","PROVENZA","BICHOTA RECORDS / INTERSCOPE RECORDS / UNIVERSAL MUSIC LATINO",6,65,251,"96904"
63,"spotify:track:3KI4rfS7kRC58Dd4ToY7P3","El Punto40, Marcianeke","Mini Mini","Duetti",46,62,55,"95570"
64,"spotify:track:6YUYwOLhR01HusDZkttH7k","Los Ángeles Azules, Nicki Nicole","Otra Noche","OCESA Seitrack",10,61,412,"95070"
65,"spotify:track:4CVhywni3QwalKLZgwFi58","Milo j","Milagrosa","DALE PLAY Records",64,64,17,"94309"
66,"spotify:track:2CeKVsFFXG4QzA415QygGb","Feid","Feliz Cumpleaños Ferxxo","UMLE - Latino",54,68,118,"94192"
67,"spotify:track:6mmPpaltUZK7xjNlBPQQ0p","Rauw Alejandro, Chencho Corleone","Desesperados","Sony Music Latin/Duars Entertainment",1,66,384,"93914"
68,"spotify:track:3EuhCgpwvuxzpVRKerf9UN","Gusty dj, Alejo Isakk","GUSTY DJ I Alejo Isakk Session en el Barrio #5","GUSTY DJ",31,67,85,"92619"
69,"spotify:track:4Dvkj6JhhA12EX05fT7y2e","Harry Styles","As It Was","Columbia",2,69,273,"87662"
70,"spotify:track:5RlibNUdsaN2oPX9MWl52K","Maria Becerra","OJALÁ","300 Entertainment",1,70,210,"86728"
71,"spotify:track:1Y62KpDaP5MEL43ZcI6IaG","Quevedo, Ovy On The Drums","SIN SEÑAL","Quevedo",60,71,154,"86025"
72,"spotify:track:6VAS7m73rDopQe7BdrFMpD","Bizarrap, Tiago PZK","Tiago PZK: Bzrp Music Sessions, Vol. 48","DALE PLAY Records",1,72,365,"84920"
73,"spotify:track:5x17YrAwajDUCqB8zT9ElY","Tiago PZK, Myke Towers","Traductor","WEA Latina",17,73,167,"83264"
74,"spotify:track:0lJE8f0lx8mUSfMyxeYpiC","TINI, L-Gante","Bar","Sony Music Latin",1,74,413,"81787"
75,"spotify:track:03a359wbiUsjN9h6yzXvmS","Duki, KHEA","She Don't Give a Fo","DALE PLAY Records",3,75,1056,"80021"
76,"spotify:track:3QWCxOv2YharMus6KbfiPJ","Emilia","Underground","Sony Music Latin",63,77,41,"79309"
77,"spotify:track:2t6IxTASaSFkZEt61tQ6W6","Quevedo, Myke Towers","PLAYA DEL INGLÉS","WM Spain",77,78,13,"79293"
78,"spotify:track:3AbNNvo2OmyeDMvRBgf9vk","TINI, Becky G, Anitta","La Loto","Sony Music Latin",7,76,175,"79201"
79,"spotify:track:1O2pcBJGej0pmH2Y9XZMs6","Cris Mj","Una Noche en Medellín","Sonar LLC.",3,79,313,"78319"
80,"spotify:track:67Wqby5IjOMMpIYwqmCYOG","Emilia, Nicki Nicole","intoxicao","Sony Music Latin",11,81,212,"76819"
81,"spotify:track:2bNCiY24Eh4saMcc23bvUN","Maria Becerra","ADIÓS","300 Entertainment",59,84,20,"75365"
82,"spotify:track:0CgpCtEPvyDizcg2p47VrU","No Te Va Gustar","A las Nueve","Elefante Blanco",73,80,1383,"74920"
83,"spotify:track:6bLvfGI2XeU5DTl8feuNrk","Ke Personajes","Cómo estás","Ke Personajes",18,85,1143,"74599"
84,"spotify:track:3AJwUDP919kvQ9QcozQPxg","Coldplay","Yellow","Parlophone UK",22,82,226,"73871"
85,"spotify:track:1uK5rDY3BnikyG0sl3tPpc","Sofía Reyes, Maria Becerra","Marte","WEA Latina",1,83,321,"73772"
86,"spotify:track:3o6dbeyOY537ZCo6mQfyzp","La Joaqui, DJ Alex","Traidora","DALE PLAY Records / GOAT Records",86,87,13,"70833"
87,"spotify:track:3ushwCdjpWNdSnZgRFU6Oc","Emilia","cuatro veinte","Sony Music Latin",3,92,279,"70669"
88,"spotify:track:2JPLbjOn0wPCngEot2STUS","Bad Bunny","Yonaguni","Rimas Entertainment LLC",3,89,573,"70222"
89,"spotify:track:41VOCbJ4ronoGiRg4bWvV6","La T y La M, Ke Personajes","Messirve Mix 5","GraceMusic",89,98,16,"69844"
90,"spotify:track:1v5QhGtlv2bkpUz2kAXTCq","FMK, Maria Becerra","Tranquila","Columbia",3,88,349,"69622"
91,"spotify:track:7kwWynCThNe0IhUTxjRxtW","Rusherking, L-Gante, Emilia","El Plan","Rusherking",59,86,28,"69233"
92,"spotify:track:7iXJg4IUyrWont5YSQrbKP","Reik, Maria Becerra","Los Tragos","Sony Music México",27,91,399,"69228"
93,"spotify:track:4TGwERXRlyQtBdggYTHo6j","Tiago PZK, LIT killah, Maria Becerra, Nicki Nicole","Entre Nosotros (Remix) [con Nicki Nicole]","WEA Latina",1,94,358,"68853"
94,"spotify:track:3ZkUgtNi45G8qdmya5UTgV","Alan Gomez, La Joaqui","LA JOAQUI | Mission 08","WM Chile",44,93,171,"68546"
95,"spotify:track:3eUR4NZa2hc8ZulyFYdCv8","Piso 21, Manuel Turizo","Los Cachos","WM Mexico",68,90,153,"68464"
96,"spotify:track:6ojZtz3sZr6ynvejLOqgCj","Tiago PZK, Ozuna","Nos Comemos (feat. Ozuna)","WEA Latina",9,95,209,"67252"
97,"spotify:track:6ov7lvrF7h3EYbsg6NXNGb","Tincho Di Salvo, Dj Javi Zurro","La Bachata - Remix","Tincho Di Salvo",48,96,81,"66473"
98,"spotify:track:6DoL1yYIwEW7VZMRaJhoJI","Chris Jedi, Anuel AA, Chencho Corleone, Ñengo Flow","La Llevo Al Cielo (Ft. Ñengo Flow)","UMLE - Latino",25,99,223,"66223"
99,"spotify:track:52tKOYrwES8h7CIv7KjJd8","DJ Tao, Peipper","Peipper | DJ TAO Turreo Sessions #15","WM Chile",99,104,4,"65926"
100,"spotify:track:2qBirMakpTdz9ymxrZEyzg","Luis Alberto Spinetta","Seguir Viviendo Sin Tu Amor","EMI Argentina",55,97,1829,"65485"
101,"spotify:track:6WbAhuwE6fCOriBu5786X1","KAROL G, Ovy On The Drums","CAIRO","BICHOTA RECORDS / INTERSCOPE RECORDS / UNIVERSAL MUSIC LATINO",75,100,44,"63972"
102,"spotify:track:0fea68AdmYNygeTGI4RC18","J Balvin, Bad Bunny","LA CANCIÓN","Universal Music Latino / Rimas",5,105,799,"63674"
103,"spotify:track:7FlQk2gJ6TBrHHiidvdR2O","Becky G, KAROL G","MAMIII","Kemosabe Records/RCA Records/Sony Music Latin",9,107,321,"62717"
104,"spotify:track:4cOtPoRkhDVxmr1gaB0hDi","Ke Personajes, La T y La M","Ya Fue","Ke Personajes",104,109,18,"62182"
105,"spotify:track:03wQrSM0nV1WyPIgWvapG4","Banda XXI","Cuando Me Enamoro","Garra Records",33,102,278,"62101"
106,"spotify:track:5uHAzGa4d9j35DEbhUwGhi","WOS","MELÓN VINO","DOGUITO Records / DALE PLAY Records",5,101,1005,"61963"
107,"spotify:track:41oY4WCTj5kccfesTVFnvN","Bad Bunny, JHAYCO","Tarot","Rimas Entertainment LLC",12,106,236,"61715"
108,"spotify:track:0B8yu7yLe1UsXv6gewHRv2","Duki, YSY A, Rei","Pintao","SSJ Records / DALE PLAY Records",18,103,354,"61309"
109,"spotify:track:5jt25aFjW2kNoBqaEVaz5W","Mora, Feid","LA INOCENTE","Rimas Entertainment LLC",64,110,225,"60836"
110,"spotify:track:6HT88WDVwEJiHEbPuQ5XcB","Damas Gratis, Ke Personajes","Costumbres - Vivo","Pelo Music S.A.",72,113,32,"59600"
111,"spotify:track:0kTMK4gNFfLXaTb62w1UaJ","Pablito Pesadilla, Polimá Westcoast, Nickoog Clk, Fran C","BABY OTAKU","Pablito Pesadilla",16,108,102,"59514"
112,"spotify:track:0bhWW1Bve1Ng6kEm8WjiQA","LOUTA, WOS","QUEREME","Columbia",35,112,194,"58940"
113,"spotify:track:79pz16ngfYU2iZV0dvj3QU","La K'onga","Te perdiste mi amor","Leader Music",40,111,400,"58375"
114,"spotify:track:76vRCQEo5hC4EUlWdAFCUy","La T y La M","Volando - En Vivo","GraceMusic",100,123,12,"58132"
115,"spotify:track:4khWEpnaijN0G1x019Uzdr","Morat","No Se Va","Universal Music Spain S.L.",79,115,231,"58080"
116,"spotify:track:1O9FJyTicBMSqIv0RLRy4i","Paulo Londra, Feid","A Veces (feat. Feid)","WEA Latina",45,116,55,"58043"
117,"spotify:track:6MuJUSYCqA4FpMogUHzb2R","No Te Va Gustar","Ese Maldito Momento","Elefante Blanco",106,114,368,"57986"
118,"spotify:track:3yeFTYLMz4nOtyPXWEMKsW","TINI","Carne y Hueso","Sony Music Latin",11,120,219,"57541"
119,"spotify:track:6JIC3hbC28JZKZ8AlAqX8h","Elton John, Dua Lipa, PNAU","Cold Heart - PNAU Remix","EMI",40,117,490,"57505"
120,"spotify:track:6ylDpki1VpIsc525KC1ojF","Sebastian Yatra","Tacones Rojos","UMLE - Latino",19,118,433,"57402"
121,"spotify:track:0T2pB7P1VdXPhLdQZ488uH","Feid","Normal","UMLE - Latino",59,125,173,"56193"
122,"spotify:track:1ga4PztXOIw1yBbdUt2X8v","KAROL G, Maldy","GATÚBELA","BICHOTA RECORDS / INTERSCOPE RECORDS / UNIVERSAL MUSIC LATINO",40,124,124,"56128"
123,"spotify:track:3WHBTuOibN5pPTiz9eyUpA","YSY A, SPONSOR DIOS, ONIRIA","RELOJES REVENTADOS","SPONSOR DIOS",3,119,47,"55753"
124,"spotify:track:0BJMkf1sQmY3TwcHapARZI","Rauw Alejandro, Subelo NEO","RON COLA","Sony Music Latin/Duars Entertainment",124,128,20,"55614"
125,"spotify:track:1SSQb10Z0XcP8pln4GkjQj","Miranda!, CA7RIEL","Don","Sony Music Argentina",65,121,36,"55404"
126,"spotify:track:0hvsOvo1zARlNnmHNhrxIF","Ke Personajes","Adiós Amor / Oye Mujer","Ke Personajes",79,133,57,"55341"
127,"spotify:track:10zSgbysU2KyVTrcRmtu62","Airbag","Por Mil Noches","DALE PLAY Records / Airbag",59,122,1094,"55112"
128,"spotify:track:4uUG5RXrOk84mYEfFvj3cK","David Guetta, Bebe Rexha","I'm Good (Blue)","Parlophone UK",78,127,107,"55045"
129,"spotify:track:7IcdA7TnEtxAUvby7MukZY","Callejero Fino, Four Plack","Chocolate","Callejero Fino",93,126,125,"54471"
130,"spotify:track:5aQtcr0PfEtk4FZCz5rLdV","Emanero, FMK, Rusherking, Estani","BANDIDO","Fifty One",12,132,215,"54300"
131,"spotify:track:2QT316zZ7jBNQ74eUsIuI0","Callejero Fino, Four Plack","Fua Mi Amor","Callejero Fino",54,129,244,"53972"
132,"spotify:track:1p7m9H4H8s0Y7SgRm7j3ED","Andrés Calamaro","Flaca","DRO/EastWest Spain",90,131,1596,"53337"
133,"spotify:track:09sFkBXLsu4D3emZhHEs6O","La T y La M","Messirve Mix 3","GraceMusic",119,134,48,"52998"
134,"spotify:track:6TI490muJ6RgFsYJc626BZ","YSY A, CLUB HATS","#Ysya2020 Vol. 5 - Silbando","Ysy A",62,130,151,"52862"
135,"spotify:track:0ccUrj1mliFnR8R8VxCmKO","Ke Personajes, La Contra","Otro Día Más","Ke Personajes",96,137,46,"52752"
136,"spotify:track:3rdAz1fbUfZxYgaCviYhRo","Rauw Alejandro","Todo De Ti","Sony Music Latin/Duars Entertainment",1,138,586,"52692"
137,"spotify:track:63GTuNSVLynH3n3PdqObgd","TINI, Beéle","Fantasi","Sony Music Latin",4,140,313,"52565"
138,"spotify:track:3MBNAfBXIq9fI2Sez8EcNX","Duki, De La Ghetto, Quevedo","Si Quieren Frontear","DALE PLAY Records / SSJ Records",1,135,271,"51692"
139,"spotify:track:7gwT3HGL84vF7bgtwL1N88","Lasso","Ojos Marrones","Universal Music Mexico",55,139,180,"51690"
140,"spotify:track:0CYTGMBYkwUxrj1MWDLrC5","Feid","CHORRITO PA LAS ANIMAS","UMLE - Latino",138,143,12,"51217"
141,"spotify:track:1UdzJEpgJxtuXAlCOvD4S0","Danny Ocean","Fuera del mercado","Atlantic Records",20,149,280,"50220"
142,"spotify:track:0ZAJ660VP57lLK4U7NlGOy","Intoxicados","Nunca quise","Pop Art",65,142,2153,"50150"
143,"spotify:track:1txrFHh4XUU3Kp8HcD2TFW","Luck Ra, Rusherking","Te Mentiría Remix","Sony Music Entertainment Chile S.A",12,151,242,"50005"
144,"spotify:track:4EQOGfssbSpTlV6EZRtrSv","Myke Towers, Daddy Yankee","ULALA (OOH LA LA)","WEA Latina",100,148,15,"49939"
145,"spotify:track:7M0mBls29IohQIPGqegcyE","Emilia, Duki","como si no importara","Sony Music Latin",1,145,531,"49885"
146,"spotify:track:67Q93kXygxCskeQiIP0V0j","Ciro y los Persas","Me Gusta","300 Producciones",68,136,2060,"49830"
147,"spotify:track:65DBZofI0b79kfHTcWWDuU","Soda Stereo","Trátame Suavemente - Remasterizado 2007","Columbia",92,147,1844,"49480"
148,"spotify:track:4tYFy8ALRjIZvnvSLw5lxN","Bad Bunny, Rauw Alejandro","Party","Rimas Entertainment LLC",15,156,236,"48940"
149,"spotify:track:3Oa9oxOLUYGQgzKXGIMpWy","La K'onga","Convénceme","Leader Music",74,144,252,"48694"
150,"spotify:track:3oqWr0jDWNXxWufNogGREp","Gustavo Cerati","Crimen","Ariola",66,161,2093,"48556"
151,"spotify:track:25NPeIjHjQGvyp4D52Tji2","WOS","OKUPA","DOGUITO Records / DALE PLAY Records",16,146,217,"48498"
152,"spotify:track:5ISajXj2M1yvkrC0KsgbR5","Los del Fuego","Jurabas Tu","Los del Fuego",39,141,187,"48465"
153,"spotify:track:0KvtuCa8aGD8SR39aLLLj5","Migrantes, El Retutu, FMK, Nico Valdi","Hoy Volvi a Verte - Remix","LEB Records",66,164,212,"48261"
154,"spotify:track:4HYDUMY0xSpeBr0AMY9cUz","Jay Wheeler, DJ Nelson, Myke Towers","La Curiosidad","Linked Music / Dynamic Records / EMPIRE",2,152,701,"48199"
155,"spotify:track:5eyO0n1HiiSWdGaaSoK731","MYA, TINI, Duki","2:50 Remix","Columbia",1,154,494,"48167"
156,"spotify:track:6WZk0S0t6YP414VJz99mWT","Lali","N5","Ariola",17,160,188,"48136"
157,"spotify:track:3PfIrDoz19wz7qK7tYeu62","Dua Lipa","Don't Start Now","Warner Records",10,158,1059,"48066"
158,"spotify:track:1797zYiX4cKosMH836X9Gt","Bad Bunny, Tony Dize","La Corriente","Rimas Entertainment LLC",24,155,236,"47697"
159,"spotify:track:2LhnFINENqZgFnLIlChHzw","YSY A, SPONSOR DIOS, BAXIAN","UOH OH OH","SPONSOR DIOS",6,150,47,"47462"
160,"spotify:track:0Dhks7VwA1F7baYPVEeo4S","Maria Becerra","DOBLE VIDA","300 Entertainment",63,157,17,"47386"
161,"spotify:track:3ylhgzhvSICQcyv0U3Ozwv","Tiago PZK, Rvssian","Sex & Love","WEA Latina",19,159,153,"47330"
162,"spotify:track:7upAH0ezzsThyvr33YKn4u","Turf","Pasos Al Costado","Pop Art",96,163,1632,"46901"
163,"spotify:track:2ONADYjJvqYVwjWavuY0H1","WOS","ALMA DINAMITA","DOGUITO Records / DALE PLAY Records",14,153,367,"46704"
164,"spotify:track:2WD9ggmpZE7Wodh3qVVCgg","Soda Stereo","De Música Ligera - Remasterizado 2007","Columbia",127,162,500,"46628"
165,"spotify:track:4I4FFtKZLtyqw4he9pPtL7","Lauty Gram","Vida Gangster","Lautygram",165,190,2,"46134"
166,"spotify:track:2qEoAz0i6yEz5dPggABcLH","Fuego, Manuel Turizo, Duki","Una Vaina Loca","Chosen Few/ WK Records",3,167,429,"46099"
167,"spotify:track:7o3AnZAepnOd46KYzgpAMf","Luck Ra, La K'onga","Te Mentiría (Versión Cuarteto)","Sony Music Entertainment Chile S.A",76,174,17,"45635"
168,"spotify:track:44m9PAUZYeOEGeaTYh6NAl","No Te Va Gustar, Juan Casanova","Tan Lejos","Elefante Blanco",147,165,310,"45498"
169,"spotify:track:1v4ggzkdNysd77L7oJ6GmU","Ke Personajes","Disfruto","Ke Personajes",65,194,298,"45048"
170,"spotify:track:7exaYYNN99DHkbZuHOZWO3","Matías Valdez","Latidos","Montevideo Music Group",149,177,40,"44908"
171,"spotify:track:1MRhIdcloOD0uiiG3ybXGX","Patricio Rey y sus Redonditos de Ricota","Un Poco de Amor Francés","Patricio Rey Discos",114,181,757,"44720"
172,"spotify:track:5TMLavqGRKNxgzMBrVpC9R","zzoilo, Aitana","Mon Amour - Remix","Universal Music Spain S.L.",24,172,465,"44651"
173,"spotify:track:1rh4kDY9T4fHVDum8Foi5k","Gustavo Cerati","Adiós","Ariola",105,173,348,"44588"
174,"spotify:track:13MMOQ8Z8nAasSKchrfVJA","La K'onga, Rusherking","Olvídate (Remix)","Leader Music",98,195,43,"44200"
175,"spotify:track:49NZwle2I8qI9BPsiRNjre","Tiago PZK, Trueno","Salimo de Noche","WEA Latina",1,179,431,"44131"
176,"spotify:track:1wY7YlavH2C0U1HfR07XvZ","YSY A","Casi un G","Ysy A",72,169,204,"44094"
177,"spotify:track:6wtZPYBIXUvCpXwVjMCJBf","Polimá Westcoast, Feid, Pailita, Paloma Mami, De La Ghetto","ULTRA SOLO REMIX","Sony Music Entertainment Chile S.A",54,168,192,"43950"
178,"spotify:track:6rg1MBZqggsQ5olFGTw0rr","Divididos","Spaghetti del Rock","Ariola",81,166,1983,"43912"
179,"spotify:track:2wK7D7i9bfVt3uLjFsZSEU","YSY A","FULL ICE (prod. ORODEMBOW)","Ysy A",68,175,165,"43878"
180,"spotify:track:7fbuABzGfagLWkI54bxL6c","Patricio Rey y sus Redonditos de Ricota","Un Ángel para Tu Soledad","Patricio Rey Discos",145,170,342,"43855"
181,"spotify:track:6HXvazdtAr9hy0kThzxrE3","Oscu, Nobeat","Numero 1","1.8M",20,185,267,"43524"
182,"spotify:track:4MzXwWMhyBbmu6hOcLVD49","Bad Bunny, JHAYCO","DÁKITI","Rimas Entertainment LLC",1,184,739,"43479"
183,"spotify:track:48H3BsuIXKMYRTuFtxkRhh","YSY A","El Amanecer","Ysy A",65,176,175,"43395"
184,"spotify:track:4Bn4JToBJGy47OEqB4AWtq","Paulo Londra, LIT killah","Necio (feat. LIT killah)","WEA Latina",32,171,34,"43370"
185,"spotify:track:0C9V5jMElp7laZZdsCHufD","Los Tipitos","Campanas en la Noche","Pop Art",117,178,1218,"43187"
186,"spotify:track:42Gzfqnfpk7Pp1ydM60eNn","Maria Becerra","Felices x Siempre","300 Entertainment",10,189,296,"43167"
187,"spotify:track:6ifUES3keWjwXgae8pXI3o","Danny Ocean","Me Rehúso","Atlantic Records",1,188,1029,"43079"
188,"spotify:track:0WtM2NBVQNNJLh6scP13H8","Rema, Selena Gomez","Calm Down (with Selena Gomez)","Mavin Records / Jonzing World",180,193,10,"42980"
189,"spotify:track:5G5Xl4HHGJM6MrMAUIb538","Arcángel, Duki, Bizarrap","Bottas","Rimas Entertainment LLC.",44,182,25,"42782"
190,"spotify:track:5sMcmy7UVizJoSm9YNZFyZ","Axel Caram, Peipper","Sesión - 6","Black Koi Entertainment",190,-1,1,"42737"
191,"spotify:track:6cFf4Jfy7ThUwGzbqFcZsx","Estelares, Jorge Serrano","Ella Dijo","Pop Art",129,180,298,"42711"
192,"spotify:track:4hceSKjrkDTO0nMKFcb3sj","Bizarrap, Villano Antillano","Villano Antillano: Bzrp Music Sessions, Vol. 51","DALE PLAY Records",10,187,202,"42566"
193,"spotify:track:4WkEH0PgystZUaN6QU6Z0B","TINI, Manuel Turizo","Maldita Foto","Sony Music Latin",11,-1,392,"42453"
194,"spotify:track:3uFhqnai1dXX5eI29VJRPY","Gusty dj, La Joaqui","Session en el Barrio #2","Gusty dj",90,200,139,"42355"
195,"spotify:track:3lCbsHaN1wCxyDzcNN2x4N","Migrantes, Alico","Si Me Tomo Una Cerveza","LEB Records",1,198,543,"42318"
196,"spotify:track:4XqXNU8MwPHwbgZmNXmAdc","Maluma","Junio","Sony Music Latin",127,-1,61,"42173"
197,"spotify:track:0WuKq2LiraBFney78dzwoc","Ciro y los Persas","Mírenla","300 Producciones",85,183,1023,"42001"
198,"spotify:track:46HNZY1i7O6jwTA7Slo2PI","Coldplay, BTS","My Universe","Parlophone UK",38,-1,309,"41831"
199,"spotify:track:6UelLqGlWMcVH1E5c4H7lY","Harry Styles","Watermelon Sugar","Columbia",16,192,964,"41724"
200,"spotify:track:7hiAGGyiLaLBTVroaE08hx","Jona Mix","Cosas Malas","RemiXperience Records",31,-1,268,"41686"
