rank,uri,artist_names,track_name,source,peak_rank,previous_rank,days_on_chart,streams
1,"spotify:track:4fSIb4hdOQ151TILNsSEaF","Rauw Alejandro","Todo De Ti","Sony Music Latin/Duars Entertainment",1,1,29,"1461809"
2,"spotify:track:2JPLbjOn0wPCngEot2STUS","Bad Bunny","Yonaguni","Rimas Entertainment LLC",2,2,15,"1272420"
3,"spotify:track:2MnLkFqY9Rpg9s3Zv6ZJdK","Gera MX, Christian Nodal","Botella Tras Botella","Virgin Music México",1,3,57,"851998"
4,"spotify:track:2rCbl9naJYhaxjLsfx88uM","Sebastian Yatra, Myke Towers","Pareja Del Año","UMLE - Latino",3,4,64,"700561"
5,"spotify:track:6hf0RpxTbOprT5nnwzkk8e","J Balvin, Maria Becerra","Qué Más Pues?","Sueños Globales, LLC",5,6,22,"603661"
6,"spotify:track:2dNhNlpZAtV4lwAFW45LIv","Nio Garcia, Flow La Movie","AM","Flow La Movie, Inc.",3,7,86,"544862"
7,"spotify:track:7Bk0uXKk1uPT0XuQbpFzvs","Los Legendarios, Wisin, JHAYCO","Fiel","La Base Music Group/ WK Records",1,5,127,"519451"
8,"spotify:track:4MzXwWMhyBbmu6hOcLVD49","Bad Bunny, JHAYCO","DÁKITI","Rimas Entertainment LLC",1,8,232,"490140"
9,"spotify:track:71R8HJxQk5qMiRstrlXN9t","Rauw Alejandro, Mr. Naisgai","2/Catorce","Sony Music Latin/Duars Entertainment",6,9,47,"462383"
10,"spotify:track:2FSGUA0gFgGeQdprjtGM2M","KAROL G, Mariah Angeliq","EL MAKINON","UMLE - Latino",6,10,85,"396992"
11,"spotify:track:43qcs9NpJhDxtG91zxFkj7","Wisin, JHAYCO, Anuel AA, Los Legendarios, Myke Towers","Fiel - Remix","La Base Music Group/ WK Records",11,63,3,"377992"
12,"spotify:track:1xK1Gg9SxG8fy2Ya373oqb","Myke Towers, Juhn","Bandido","White World Music",3,11,183,"375257"
13,"spotify:track:4DdnffqoFr9wDRlCACNmGf","Natanael Cano, Oscar Maydon","Porte Exuberante","WEA Latina",12,12,22,"349870"
14,"spotify:track:6tDDoYIxWvMLTdKpjFkc1B","Kali Uchis","telepatía","EMI / Interscope",1,13,130,"340360"
15,"spotify:track:2XIc1pqjXV3Cr2BQUGNBck","Bad Bunny, ROSALÍA","LA NOCHE DE ANOCHE","Rimas Entertainment LLC",2,14,204,"335039"
16,"spotify:track:4ZtFanR9U6ndgddUvNcjcG","Olivia Rodrigo","good 4 u","Olivia Rodrigo PS",13,15,36,"305987"
17,"spotify:track:7xT1n5JKpB0bMPh6FL589e","Crissin, Totoy El Frio, Natan & Shander","Poblado","Kapital Music & Entertainment",9,17,50,"305840"
18,"spotify:track:4loQgPwJHocL3dFwLfjb1J","Rauw Alejandro, Anuel AA","Reloj","Sony Music Latin/Duars Entertainment",4,18,238,"297820"
19,"spotify:track:2p2Q23iaaPSEa1tI6TsCVX","Sech","911","Rich Music",6,21,127,"283974"
20,"spotify:track:4H3t8C59tXjKf1R2iKtc5M","Marca MP","Ya Acabo","Marca MP",15,24,85,"283502"
21,"spotify:track:1yoMvmasuxZfqHEipJhRbp","Maluma","Hawái","Sony Music Latin",1,23,324,"280045"
22,"spotify:track:748mdHapucXQri7IAO8yFK","Doja Cat, SZA","Kiss Me More (feat. SZA)","Kemosabe Records/RCA Records",18,19,62,"279565"
23,"spotify:track:2bgTY4UwhfBYhGT4HUYStN","BTS","Butter","BIGHIT MUSIC",5,16,29,"279534"
24,"spotify:track:67BtfxlNbhBmCDR2L2l8qd","Lil Nas X","MONTERO (Call Me By Your Name)","Columbia",12,20,81,"271524"
25,"spotify:track:2f0Ft2XdvNSMSY5TUlZgEz","Pablo Alborán","Saturno","WM Spain",23,25,203,"269715"
26,"spotify:track:5jzEwSyyymBlf1fa1o39T2","Mora, JHAYCO","512","Rimas Entertainment LLC",17,22,53,"263279"
27,"spotify:track:1WvrDdouh6C51In1SdATbq","KAROL G","BICHOTA","UMLE - Latino",1,29,239,"262804"
28,"spotify:track:6mm3K0yWp6uzfOMuipM9Zh","Piso 21","Tan Bonita","WM Mexico",28,33,76,"257964"
29,"spotify:track:079Ey5uxL04AKPQgVQwx5h","Selena Gomez, Rauw Alejandro","Baila Conmigo (with Rauw Alejandro)","Selena Gomez Latin Project",6,30,141,"257650"
30,"spotify:track:37BZB0z9T8Xu7U3e65qxFy","The Weeknd, Ariana Grande","Save Your Tears (with Ariana Grande) (Remix)","Republic Records",16,28,57,"256085"
31,"spotify:track:06IceO7e9isF3nX3y7dOTe","Lupillo Rivera, Alemán, Santa Fe Klan, Snoop Dogg, B-Real","Grandes Ligas","Prajin Parlay / Z Records",18,32,36,"255996"
32,"spotify:track:5nujrmhLynf4yMoMtj8AQF","Dua Lipa, DaBaby","Levitating (feat. DaBaby)","Warner Records",14,27,190,"254575"
33,"spotify:track:7D93pJcwymzaZx8WgBo2zG","Rauw Alejandro","Algo Mágico","Sony Music Latin/Duars Entertainment",10,26,143,"250590"
34,"spotify:track:4DHDIdeayp8xvlyg22wREO","NATTI NATASHA, Becky G","Ram Pam Pam","Sony Music Latin",31,31,40,"249863"
35,"spotify:track:16ONd70tvWAaLIc6hcLzaG","Christian Nodal","Aquí Abajo","Universal Music Mexico",4,37,344,"238426"
36,"spotify:track:7E9GeFGfjXw9LAI4ay6rsw","Grupo Firme, Carin Leon","El Tóxico","Music VIP",12,39,234,"237758"
37,"spotify:track:7MAibcTli4IisCtbHKrGMh","Bruno Mars, Anderson .Paak, Silk Sonic","Leave The Door Open","Aftermath Entertainment/Atlantic",18,34,106,"235820"
38,"spotify:track:4iJyoBOLtHqaGxP12qzhQI","Justin Bieber, Daniel Caesar, GIVĒON","Peaches (feat. Daniel Caesar & Giveon)","RBMG/Def Jam",6,35,92,"232072"
39,"spotify:track:5u7twkeask1VIyDeNTElSU","Sech","Sal y Perrea","Rich Music",21,36,43,"229060"
40,"spotify:track:0VjIjW4GlUZAMYd2vXMi3b","The Weeknd","Blinding Lights","Republic Records",1,40,568,"218039"
41,"spotify:track:6HU7h9RYOaPRFeh0R3UeAr","Olivia Rodrigo","deja vu","Olivia Rodrigo PS",17,38,70,"217660"
42,"spotify:track:5RubKOuDoPn5Kj5TLVxSxY","Bad Bunny","TE MUDASTE","Rimas Entertainment LLC",2,41,204,"215193"
43,"spotify:track:4cV6ld7uIs906zOwNscoBM","Los Plebes del Rancho de Ariel Camacho, Christian Nodal","2 Veces","Universal Music Mexico",33,42,106,"212852"
44,"spotify:track:6VOb0Kkrd45Bp5RHYSla2J","Reik, Maluma","Perfecta","Sony Music México",35,48,23,"209129"
45,"spotify:track:00szcRmgqJGtqrfIUYkM1h","Piso 21, Maluma","Más De La Una","WM Mexico",16,44,197,"205953"
46,"spotify:track:4nbWX2HzrOEnX4xxvYRCyU","El Fantasma, Los Dos Carnales","Cabrón y Vago - En Vivo","Afinarte Music",5,46,319,"205173"
47,"spotify:track:0tKl8ZVM6xJkhznvJAS3Nq","Junior H","Ella","Rancho Humilde",41,43,508,"204135"
48,"spotify:track:1s59X35jDULAyOGmBuTAnd","Lenin Ramírez, Grupo Firme","Yo Ya No Vuelvo Contigo - En Vivo","DEL Records",14,49,557,"203046"
49,"spotify:track:0fea68AdmYNygeTGI4RC18","J Balvin, Bad Bunny","LA CANCIÓN","Universal Music Latino / Rimas",1,45,722,"200231"
50,"spotify:track:0akyEssGRVHstqCSWXusJL","Ed Maverick","Fuentes de Ortiz","Universal Music Mexico",17,47,878,"193234"
51,"spotify:track:3lR4O0vtkhCAvVEUEWUL0S","Piso 21, Christian Nodal","Pa' Olvidarme De Ella","WM Mexico",5,50,652,"187975"
52,"spotify:track:55mzJ0LftLnef8sxAjrMkU","Santa Fe Klan, Neto Peña, Yoss Bones","Debo Entender","473 Music",51,51,32,"183437"
53,"spotify:track:35nO174gX5eCh9mPWvUe3s","Morat, Danna Paola","Idiota","Universal Music Spain S.L.",38,62,15,"178790"
54,"spotify:track:0vtYnEw1eJwW26BrBnOAYJ","Banda MS de Sergio Lizárraga","La Casita","Lizos Music",25,53,157,"178407"
55,"spotify:track:6UU24wuWgGwuSBAxDH866Z","Kidd Keo, Yay","Ma Vie (feat. Yay)","WEA Latina",53,54,55,"174173"
56,"spotify:track:4HYDUMY0xSpeBr0AMY9cUz","Jay Wheeler, DJ Nelson, Myke Towers","La Curiosidad","Linked Music / Dynamic Records / EMPIRE",6,52,355,"173393"
57,"spotify:track:1uKjQoh8JZj9ryuYRhpd7E","Luis Miguel","Ahora Te Puedes Marchar","WM Mexico",13,56,1630,"171189"
58,"spotify:track:6ifUES3keWjwXgae8pXI3o","Danny Ocean","Me Rehúso","Atlantic Records",1,58,1602,"170803"
59,"spotify:track:2HWXhViZhTPJa10NgyrRRS","Danna Paola","MÍA","Universal Music Mexico",59,-1,1,"170742"
60,"spotify:track:26xQbFpVg8JCT5NKQFJXg8","Fuerza Regida, Calle 24","Que Esta Pasando","Rancho Humilde - Lumbre Music - Streetmob Records",33,55,47,"170390"
61,"spotify:track:6vPAmoERUMRoTZaCCSWQ12","Luis Miguel","Hasta Que Me Olvides","WEA Latina",7,57,529,"170135"
62,"spotify:track:1WedZeiezCmCEOzLwhx0hV","J Balvin, KAROL G, Nicky Jam, Crissin, Totoy El Frio, Natan & Shander","Poblado - Remix","Universal Music Latino",62,-1,1,"167763"
63,"spotify:track:0EhpEsp4L0oRGM0vmeaN5e","J Balvin, Dua Lipa, Bad Bunny, Tainy","UN DIA (ONE DAY) (Feat. Tainy)","Universal Music Latino/ NEON16",2,60,330,"164947"
64,"spotify:track:1qfoq1qvZT7VwDVeekCJ97","Christian Nodal","De Los Besos Que Te Di","Universal Music Mexico",12,73,796,"160790"
65,"spotify:track:5wANPM4fQCJwkGd4rN57mH","Olivia Rodrigo","drivers license","Olivia Rodrigo PS",7,59,161,"160224"
66,"spotify:track:4jcxBTrNvyqMJdMDyyjdYV","Christian Nodal, Ángela Aguilar","Dime Cómo Quieres","Universal Music Mexico",2,65,218,"159064"
67,"spotify:track:5YYW3yRktprLRr47WK219Y","Rochy RD, Myke Towers, Nicki Nicole","Ella No Es Tuya - Remix","Sony Music Latin",10,64,123,"154556"
68,"spotify:track:5y7DaS3jAc9eZzcSOoUIwU","Ozuna, J Balvin, Chencho Corleone","Una Locura","Aura Music Corp.",17,66,285,"153306"
69,"spotify:track:2bgcUk2A3jjKbCJ7KPquTi","Wisin, Myke Towers, Los Legendarios","Mi Niña","La Base Music Group/ WK Records",9,61,259,"153229"
70,"spotify:track:5QO79kh1waicV47BqGRL3g","The Weeknd","Save Your Tears","Republic Records",3,68,175,"152440"
71,"spotify:track:4PEfJZpVjdclfzZ9XO8uDw","KEVIN ROLDAN, Bryant Myers, Lyanno","HASTA ABAJO","UMLE - Latino",17,69,223,"151976"
72,"spotify:track:4RJz8NfIe09gpKMiRUWKhJ","Maluma, Lenny Tavárez, Justin Quiles","Parce (feat. Justin Quiles)","Sony Music Latin",6,67,302,"150381"
73,"spotify:track:4R8BJggjosTswLxtkw8V7P","JHAYCO, J Balvin, Bad Bunny","No Me Conoce - Remix","N&E Entertainment LLC",3,77,764,"149631"
74,"spotify:track:7BoobGhD4x5K96Me0hqC8Q","Bella Poarch","Build a Bitch","Warner Records",57,71,33,"147683"
75,"spotify:track:3PfIrDoz19wz7qK7tYeu62","Dua Lipa","Don't Start Now","Warner Records",7,70,596,"147499"
76,"spotify:track:6sRaqq9SYsSTPvrWkL1sRy","Mi Banda El Mexicano","Ramito De Violetas","Craft Recordings",12,81,528,"147165"
77,"spotify:track:3VvA1wSxukMLsvXoXtlwWx","Boza","Hecha Pa' Mi","Sony Music Latin",6,74,213,"146873"
78,"spotify:track:6f3Slt0GbA2bPZlz0aIFXN","Tiësto","The Business","Atlantic Records",32,79,127,"145838"
79,"spotify:track:6RV9pRLIQiXm3qTGeyQluf","Camilo, Evaluna Montaner","Machu Picchu","Sony Music Latin",17,72,109,"145001"
80,"spotify:track:3elpkpwYlmUbuvmVps08lJ","Santa Fe Klan, Nanpa Básico","Te Ire A Buscar","473 Music",76,76,113,"144418"
81,"spotify:track:6F9yAYUaNbUhdlQyt5uZ3b","Luis Miguel","La Incondicional","WEA Latina",13,84,1168,"142801"
82,"spotify:track:21N4Buj4xsyLb218lYle61","Sebastian Yatra, Guaynaa","Chica Ideal","UMLE - Latino",11,85,242,"140636"
83,"spotify:track:478g4LSkyMB1PMkVOVmIaE","KAROL G, Anuel AA, J Balvin","LOCATION","UMLE - Latino",16,82,127,"140544"
84,"spotify:track:6VuUMo1TusnqBxLTnr3hOI","León Larregui","Brillas","EMI México",42,75,1627,"140355"
85,"spotify:track:5VzNsUnLmYcRfRfxpQsusa","Manuel Turizo, Rauw Alejandro, Myke Towers","La Nota","Sony Music Latin/La Industria",11,78,253,"139537"
86,"spotify:track:1nLs8r6K4YN0avBwUmmTnr","Carin Leon","Tu - En Vivo","Tamarindo Rekordsz",10,99,385,"138091"
87,"spotify:track:6WYB1odDfMPVMyp1QxFInT","Eslabon Armado","Con Tus Besos","Eslabon Armado",44,87,425,"137909"
88,"spotify:track:2XlGKZNMkRKvEJsbwQ6MCl","Grupo Firme, Grupo Codiciado","Gracias (En Vivo)","Music VIP",39,86,79,"137189"
89,"spotify:track:5aJ1M43pinROpwaPnO8KRj","Natanael Cano","Amor Tumbado","Rancho Humilde",31,94,520,"135674"
90,"spotify:track:63Zaf8Rci6eOUPqDQ4fUFx","Camilo, Christian Nodal","La Mitad","Sony Music Latin",17,90,428,"135591"
91,"spotify:track:6UelLqGlWMcVH1E5c4H7lY","Harry Styles","Watermelon Sugar","Columbia",23,98,471,"134878"
92,"spotify:track:7hbk4BaF66O09R1gq0bKwj","Christian Nodal","No Te Contaron Mal","Universal Music Mexico",7,101,1015,"134863"
93,"spotify:track:2TH65lNHgvLxCKXM3apjxI","Bad Bunny, Tainy","Callaita","Rimas Entertainment LLC",1,92,750,"134808"
94,"spotify:track:7paFC3FEu1WtPVP4Do6VZN","Christian Nodal","Se Me Olvidó","Universal Music Mexico",2,111,470,"134369"
95,"spotify:track:3WQilym5Vi4ypxb70vx0eY","Junior H","Mente Positiva","Rancho Humilde / Z Records",72,89,410,"133987"
96,"spotify:track:35UUpTmrcFXNIVIN26ujXl","Sech, Daddy Yankee, J Balvin, ROSALÍA, Farruko","Relación - Remix","Rich Music",2,88,288,"133928"
97,"spotify:track:77OLLnRUGQtf0HH626f0Vj","Christian Nodal, Belinda","Si Nos Dejan","Universal Music Mexico",42,83,17,"133877"
98,"spotify:track:2n7ohqg1s68ToAHh4u9mcW","Bad Bunny","Vete","Rimas Entertainment LLC",1,91,576,"133133"
99,"spotify:track:2QwMXe5zbqymDZGYsMDVqZ","Carin Leon","Me la Avente","Tamarindo Rekordsz",19,108,743,"132761"
100,"spotify:track:3ke6it1vTmHtz2ApcIVUz5","Bizarrap, Snow Tha Product","Snow Tha Product: Bzrp Music Sessions, Vol. 39","DALE PLAY Records",24,107,51,"132386"
101,"spotify:track:41wtwzCZkXwpnakmwJ239F","Bad Bunny","Si Veo a Tu Mamá","Rimas Entertainment LLC",1,97,476,"131606"
102,"spotify:track:2fIPEgY8CJ4hh5UDZa2lB9","HUMBE","EL POETA","Sony Music México",23,96,96,"131347"
103,"spotify:track:35wvL50xvKpCHEJPxLOLPI","Bad Bunny","Si Estuviésemos Juntos","Rimas Entertainment LLC",28,95,754,"131161"
104,"spotify:track:0BGwAKW4u8kWOhWFflZxfl","Masked Wolf","Astronaut In The Ocean","Elektra (NEK)",45,93,95,"130971"
105,"spotify:track:4r9jkMEnArtWGH2rL2FZl0","Bad Bunny","A Tu Merced","Rimas Entertainment LLC",16,100,476,"130930"
106,"spotify:track:4saklk6nie3yiGePpBwUoc","BTS","Dynamite","BIGHIT MUSIC",9,80,301,"130067"
107,"spotify:track:3p6eieHX6oEOzJStPtEsLu","Calibre 50","Si Te Pudiera Mentir","Andaluz Music, LLC (Catalog)",57,104,325,"129624"
108,"spotify:track:4NUt1fcnO9aQAELBgXq3Kr","Alejandro Fernández","Me Dediqué a Perderte","Columbia",62,105,1628,"129197"
109,"spotify:track:798ahLNEcoFER7Vywg1FMT","Calibre 50","A La Antigüita","Andaluz Music, LLC (Catalog)",90,112,41,"128572"
110,"spotify:track:4nTduFjaTmGysc9WKNuCcs","Camilo","Vida de Rico","Sony Music Latin",5,103,270,"127153"
111,"spotify:track:5u6lAvdS8mmHHTHQlC3TtN","Justin Morales","Desde Morro","Rancho Humilde",101,120,148,"127062"
112,"spotify:track:4prmUBle7TtAeeUgCnsc3Z","Christian Nodal","Probablemente","Universal Music Mexico",10,176,1406,"125768"
113,"spotify:track:69vlMrzHwATKzupwNcUPyK","Bad Bunny, Daddy Yankee","La Santa","Rimas Entertainment LLC",4,110,476,"125539"
114,"spotify:track:2tGvwE8GcFKwNdAXMnlbfl","Olivia Rodrigo","happier","Olivia Rodrigo PS",75,102,29,"123228"
115,"spotify:track:2MeEuwplwbbjZ7hxRI6viw","Grupo Firme, Marca MP","El Güero (En Vivo)","Music VIP Entertainment Presenta Grupo Firme",28,106,548,"122923"
116,"spotify:track:0dKg2vGC1hFqcK5LGTaKzX","KAROL G, Nicki Minaj","Tusa","UMLE - Latino",1,118,589,"122711"
117,"spotify:track:11EnQRgRMJwMAesfkB5pnu","Lele Pons, Guaynaa","Se Te Nota (with Guaynaa)","Shots Studios & Music/10:22pm/Interscope Records",2,113,287,"122600"
118,"spotify:track:4G3PTss3mU33Tau7t4KbwE","Rauw Alejandro, Camilo","Tattoo - Remix with Camilo","Sony Music Latin/Duars Entertainment",4,109,344,"121745"
119,"spotify:track:2tFwfmceQa1Y6nRPhYbEtC","JHAYCO, Bad Bunny","CÓMO SE SIENTE - Remix","N&E Entertainment LLC",7,116,404,"120022"
120,"spotify:track:7KoyXL9zghiNpXkb5iVDyj","Junior H","Jueves 10","Rancho Humilde / Z Records",11,143,10,"119458"
121,"spotify:track:2lCkncy6bIB0LTMT7kvrD1","J Balvin","Azul","UMLE - Latino",1,117,456,"119280"
122,"spotify:track:1l77YWrGUp3qX3NS1rz7lq","Banda MS de Sergio Lizárraga","El Color de Tus Ojos","Lizos Music",19,127,1344,"117422"
123,"spotify:track:2DEZmgHKAvm41k4J3R2E9Y","Bad Bunny, Jowell & Randy, Ñengo Flow","Safaera","Rimas Entertainment LLC",1,122,475,"117308"
124,"spotify:track:2dl5K2ScW7jYhAhuem06cm","Daddy Yankee","PROBLEMA","Republic Records",53,115,112,"117015"
125,"spotify:track:48XgkAh1fkcZqA2EZWCDX6","Alemán, Snoop Dogg","Mi Tío Snoop","Homegrown Entertainment",32,136,202,"116574"
126,"spotify:track:0ldT3gl7aGNzrJyd4b1CA4","Grupo Firme, Lenin Ramírez","En Tu Perra Vida","Music VIP",124,132,18,"116032"
127,"spotify:track:3D5uEBD0cAEGZGUo5j9045","DJ Pablito, La Factoria, Joycee","Todavía","Dj Pablito",75,123,497,"115773"
128,"spotify:track:1Crj1zkRMpsEjb9NOR6Zof","Bizarrap, L-Gante","L-Gante: Bzrp Music Sessions, Vol.38","DALE PLAY Records",68,124,88,"115619"
129,"spotify:track:6fmQjRuo7XvRFCK2qex5hQ","Jerry Di","Mi Cuarto","Nacho",4,114,315,"115384"
130,"spotify:track:3fBJNawfhtgCmo58trRK2z","Banda MS de Sergio Lizárraga","Cerrando Ciclos","Lizos Music",78,129,212,"114893"
131,"spotify:track:4CLkDJ4xLqkV4Vt2vPOny1","El Fantasma","Palabra de Hombre","Afinarte Music",34,135,468,"114887"
132,"spotify:track:15OjBeqNX3bShsGYQbteRv","Farruko","La Tóxica","Sony Music Latin",4,125,292,"114241"
133,"spotify:track:5RAIMjdrCEjpjaR5tBATXU","Maluma, Beéle, Rauw Alejandro, Mambo Kingz, DJ Luian, Darell","Aloha","Hear This Music",69,121,69,"113810"
134,"spotify:track:46DU5gYWY2vjE79mbhX4Wv","Junior H, Natanael Cano","Disfruto Lo Malo","Jimmy Humilde Music",93,119,247,"113465"
135,"spotify:track:2sUknbm8xdLQgH7wb8xcTX","Lefty Sm, Santa Fe Klan","Por Mi México","Alzada Corp",134,134,20,"112508"
136,"spotify:track:1rgnBhdG2JDFTbYkYRZAku","Tones And I","Dance Monkey","Elektra (NEK)",2,130,647,"112365"
137,"spotify:track:0HMmzc6sW3DRrxlt5e4EmE","Alemán, Snow Tha Product","Te Va a Gustar","Homegrown Entertainment",137,-1,1,"111845"
138,"spotify:track:53PoPAD389bBE4ePYuT95g","Los Dos Carnales","El Envidioso","Afinarte Music",32,142,375,"111819"
139,"spotify:track:7BwxbmYFy0l3ROHDjV2c14","Luis Miguel","Culpable O No - Miénteme Como Siempre","WEA Latina",2,128,1119,"111517"
140,"spotify:track:3Zf4GutWZ7Hv3wsVQsSQPs","Camilo, El Alfa","BEBÉ","Sony Music Latin",17,139,203,"110910"
141,"spotify:track:1Wrzhfa5bNlqvsnCztz190","Hombres G","Devuélveme a mi chica","WM Spain",64,137,1387,"110675"
142,"spotify:track:5Myb8S90Wg0yLec5kmrIGJ","Los Ángeles Azules, Belinda, Lalo Ebratt, Horacio Palencia","Amor a Primera Vista","OCESA Seitrack",7,140,728,"110568"
143,"spotify:track:2vBET2pmrQqafaS6zIaYta","Black Eyed Peas, Shakira","GIRL LIKE ME","Epic",16,146,193,"109394"
144,"spotify:track:5CZ40GBx1sQ9agT82CLQCT","Olivia Rodrigo","traitor","Olivia Rodrigo PS",64,131,29,"109373"
145,"spotify:track:3D3W7rDsuJIAtjInwh6Moc","Luis Angel ""El Flaco"", Grupo Firme","Hasta la Miel Amarga - En Vivo","LUIS ÁNGEL FRANCO RIVERA",56,150,147,"108541"
146,"spotify:track:26QApq0cuO9brJigr0C0W4","Bad Bunny","HACIENDO QUE ME AMAS","Rimas Entertainment LLC",4,133,204,"108057"
147,"spotify:track:63bmZnBN1CiJ9sA4qTEe8y","Christian Nodal","Adiós Amor","Universal Music Mexico",6,174,1593,"107776"
148,"spotify:track:2TzkIzgzIHhewMxyh1u4hh","Kevin Kaarl","Vámonos a Marte","Kevin Kaarl",102,126,186,"107752"
149,"spotify:track:6Pur3hWy6Nzc27ilmsp5HA","Los Enanitos Verdes","Lamento Boliviano","EMI Latin",76,144,1039,"107498"
150,"spotify:track:6dyUkkcyYuDiHOwIRXYOJm","Wisin, Yandel, Farruko, Jon Z, Don Chezina, Chencho Corleone, Myke Towers","3G (feat. Jon Z, Don Chezina, Chencho Corleone & Myke Towers) - Remix","Sony Music Latin",43,147,135,"107128"
151,"spotify:track:2LXOSAYiSrTfIf8smheLaz","MC Davo, Calibre 50","¿Quién Te Crees?","Andaluz Music, LLC (Catalog)",56,145,92,"107022"
152,"spotify:track:2mM3gZ0BbPwPPMelbA8vgt","Milly, Farruko, Nio Garcia, Jay Wheeler, Amenazzy","No Te Enamores - Remix","Carbon Fiber Music",42,152,168,"105294"
153,"spotify:track:0cOa970mzTWAxKtltpkpLc","TINI, Maria Becerra","Miénteme","Sony Music Latin",134,138,15,"105264"
154,"spotify:track:6SnO4yCCYtz2rffMpEAlro","Christian Nodal","Nace Un Borracho","Universal Music Mexico",12,162,276,"104939"
155,"spotify:track:0SqqAgdovOE24BzxIClpjw","Bad Bunny","Yo Perreo Sola","Rimas Entertainment LLC",1,151,476,"104893"
156,"spotify:track:41BzKiCrKpUQHS3TP0jmdr","Maluma","Agua de Jamaica","Sony Music Latin",44,154,141,"104427"
157,"spotify:track:5JCoSi02qi3jJeHdZXMmR8","Olivia Rodrigo","favorite crime","Olivia Rodrigo PS",122,141,23,"103857"
158,"spotify:track:4ggabbjjuHrG06SsYnqvEs","Chayín Rubio","Ya Me Enteré","UMLE - Fonovisa",53,164,667,"103417"
159,"spotify:track:0kRU83ecI57Iw1kPTeUwK5","Manuel Turizo, Maluma","Amor en Coma","Sony Music Latin/La Industria",116,172,63,"103226"
160,"spotify:track:7MmrcXVA7A5zZ2CbDuGHNa","Rels B","A Mí","DALE PLAY Records / Flakk Team",64,149,833,"103160"
161,"spotify:track:0MT6qJd7wKlWjH7tP7oWHi","KAROL G","EL BARCO","UMLE - Latino",153,153,19,"103104"
162,"spotify:track:6VZMIyzOupI4vA68RaUgXb","Reik, Christian Nodal","Poco","Sony Music México",43,157,206,"102922"
163,"spotify:track:2JJSGhPpATm8lXeYjD95fw","Bobby Pulido","Desvelado","Capitol Latin",68,148,180,"102632"
164,"spotify:track:5GkeaIeCEfB0LOqk7sIVHQ","Los Elegantes de Jerez","Tú","LE Music",122,156,215,"102271"
165,"spotify:track:3V1jBnDI3zCn25ONFiqwN8","T3R Elemento","Ojitos de Miel","DEL Records",161,178,17,"101549"
166,"spotify:track:57Ba26w9eoXx8BBUNgRNLV","Super Yei, Sammy Baby, Jone Quest, Myke Towers, Lenny Tavárez, Rafa Pabön","La Forma en Que Me Miras","2020 Superiority | Powered by GLAD EMPIRE, LLC",79,163,474,"101287"
167,"spotify:track:66S2z95FN3nUAr9S1gUIsp","Boza","Ella","Sony Music Latin",167,-1,1,"101262"
168,"spotify:track:6Et5KimMg3IXwD6lJPGmQw","Alex Rose, Rauw Alejandro","Me Fije","WK Records",161,161,6,"101171"
169,"spotify:track:26w9NTiE9NGjW1ZvIOd1So","Bad Bunny","BOOKER T","Rimas Entertainment LLC",10,158,204,"100418"
170,"spotify:track:0JDrG1g5HXbfgGtRKT0ofH","Natanael Cano","Diamantes","WEA Latina",73,173,11,"100166"
171,"spotify:track:6bvfJf4KjonPMuPfGfy3S2","Nio Garcia, Anuel AA, Myke Towers, Brray, Juanka","La Jeepeta - Remix","Flow La Movie, Inc.",1,167,397,"100032"
172,"spotify:track:7A07Yu1dRND3RKDzbhKrDs","Intocable","Fuerte No Soy","Capitol Latin",80,155,372,"99991"
173,"spotify:track:1beTDCe7sT7fzm8WIKXicz","KAROL G","Ay, DiOs Mío!","UMLE - Latino",3,159,344,"99036"
174,"spotify:track:4A9u8OrzFYbxdjiydkNdUi","Papu DJ, L-Gante","L-Gante: RKT SESSIONS #1","PAPU DJ",110,165,69,"99034"
175,"spotify:track:3N1D4VrIeFeZyraFaIOakm","Remik Gonzalez, BeeJay","Desvielados","Rolando Hits",120,188,37,"98875"
176,"spotify:track:1PkE8LrFiHRqMq4Ik3w1pk","Mau y Ricky, Sebastian Yatra, Mora","3 de La Mañana - con Sebastián Yatra & Mora","Sony Music Latin",176,-1,1,"98756"
177,"spotify:track:1Z04XN4pH2b8JfdiaIEkl5","Los 2 de la S, Banda MS de Sergio Lizárraga","Somos Los Que Somos - En Vivo","Lizos Music",67,168,169,"98529"
178,"spotify:track:1VauUM5CBX7nkLcgafQL2B","Bizarrap, Eladio Carrion","Eladio Carrion: Bzrp Music Sessions, Vol. 40","DALE PLAY Records",77,160,9,"97535"
179,"spotify:track:2UypFzxfaYgMUnQX2k4qtj","Pepe Aguilar, Melissa, Ángela Aguilar, La Marisoul","Prometiste (En Vivo)","Equinoccio Records",51,171,1319,"97116"
180,"spotify:track:70w1mwTod6NgCNV6e7ZlIQ","Grupo Firme, Luis Alfonso Partida El Yaki","Cada Vez Te Extraño Más","Music VIP Entertainment Presenta Grupo Firme",49,-1,523,"96616"
181,"spotify:track:3YAnNBdk0uHyakXXzMbNJq","Camilo","Millones","Sony Music Latin",124,-1,65,"95838"
182,"spotify:track:3SgybTfx3GWHAcjhK9iPmz","Jossef, Jamby El Favo, Eix","Persia - Remix","JR Records, LLC",174,179,13,"95689"
183,"spotify:track:0pqnGHJpmpxLKifKRmU6WP","Imagine Dragons","Believer","Kid Ina Korner / Interscope",29,175,1542,"95198"
184,"spotify:track:4K8cyoCDovlc4FvtUr2Hfx","Cali Y El Dandee, Danna Paola","Nada","Cali y El Dandee PS",20,180,287,"94773"
185,"spotify:track:5J7teKIJGtqVypgYI6sqXj","Bad Bunny, Mora","Una Vez","Rimas Entertainment LLC",22,185,357,"94766"
186,"spotify:track:2D9itdl85AQVNpTfrxvUGj","Danna Paola","Mala Fama","Universal Music Mexico",27,192,792,"94487"
187,"spotify:track:4SJHHpKhcuXwDsCsPqshXj","Rauw Alejandro, Chencho Corleone","El Efecto","Duars Entertainment, Corp.",10,186,423,"94289"
188,"spotify:track:3K6noLeoPTQJ5jUErC8jT5","Calibre 50","Simplemente Gracias","Andaluz Music, LLC (Catalog)",41,194,723,"94203"
189,"spotify:track:38RIEav39FGi86jppxO0du","Bad Bunny, Sech","Ignorantes","Rimas Entertainment LLC",2,184,490,"94201"
190,"spotify:track:2zY1iTaEgs8ROkkWtWLe7l","Camilo","Ropa Cara","Sony Music Latin",4,196,151,"94126"
191,"spotify:track:3GSMdtJphymHEsR8K9jT5Q","León Larregui","Locos","Universal Music Mexico",54,177,1244,"93900"
192,"spotify:track:6NfrH0ANGmgBXyxgV2PeXt","Bad Bunny","La Difícil","Rimas Entertainment LLC",2,187,468,"93737"
193,"spotify:track:1JSTJqkT5qHq8MDJnJbRE1","The Police","Every Breath You Take","Polydor Records",97,182,912,"93717"
194,"spotify:track:1iRvhKiXRElIH2Uf4gd95P","Jesse & Joy","Dueles","WM Mexico",42,169,273,"93716"
195,"spotify:track:5jW3rF4URMdK7tO2xjS5EI","Paulo Londra","Tal Vez","WEA Latina",2,183,796,"93496"
196,"spotify:track:5HpXH64cSBNu26yhw3vK37","Carin Leon, Tony Melendez","El Amor De Tu Vida","Tamarindo Rekordsz",63,200,271,"93352"
197,"spotify:track:7dT9D6117e5DbhnKxDLNW9","Kevin Kaarl","Colapso","Kevin Kaarl",119,166,41,"93257"
198,"spotify:track:59rjsHYxdxeUG6gd43Emzs","Lunay, Anitta","TODO O NADA","La Familia",164,189,14,"92603"
199,"spotify:track:5iF33sXejXwfTuidVHMll0","Carlos Vives, Ricky Martin","Canción Bonita","Sony Music Latin",186,-1,9,"92573"
200,"spotify:track:017PF4Q3l4DBUiWoXk4OWT","Dua Lipa","Break My Heart","Warner Records",16,181,444,"92329"
